# keyframe format v1
fps 0
0
54
131
184
231
326
457
552
644
692
758
848
1024
1068
1176
1308
1339
1370
1401
1422
1456
1480
1500
1906
1910
1970
2066
2137
2203
2257
2374
2394
2450
2506
2562
2628
2658
2662
2674
2680
2817
2848
2868
2876
3026
3082
3157
3179
3333
3381
3422
3581
3668
3760
3840
3887
4007
4030
4095
4166
4301
4336
4437
4545
4592
4633
4689
4730
4771
4848
4944
4982
5075
5182
5236
5313
5397
5450
5593
5641
5761
5814
5861
6286
6366
6423
6483
6590
6656
6704
6815
6869
6904
6946
6981
7022
7063
7110
7145
7192
7245
7292
7370
7411
7575
7626
7695
7906
7971
8016
8058
8172
8316
8412
8459
8494
8661
8775
8994
9087
9176
9284
9383
9437
9530
9667
9862
9931
10020
10055
10091
10162
10243
10302
10349
10484
10585
10608
10749
10832
10885
10932
11093
11212
11265
11325
11397
11486
11650
11703
11747
11944
12057
12115
12182
12223
12288
12387
12557
12662
12703
12756
12810
12923
13084
13125
13251
13310
13441
13510
13569
13659
13778
13813
13956
14076
14123
14294
14450
14468
14471
14490
14493
14533
14574
14693
14746
14895
14996
15038
15197
15253
15366
15431
15550
15646
15720
16041
16244
16327
16399
16458
16626
16722
16871
17042
17125
17197
17244
17303
17528
17587
17646
17717
17812
17931
18020
18181
18444
18587
18724
18849
18908
19184
19309
19348
19464
19511
19546
19600
19671
19712
19747
19788
19829
19864
19935
20024
20119
20199
20304
20400
20486
20575
20682
20789
20912
21190
21253
21348
21504
21611
21646
21730
21813
21881
21938
22003
22086
22133
22189
22254
22301
22348
22413
22469
22552
22629
22665
22749
22808
22984
23037
23096
23202
23354
23501
23661
23705
23770
23998
24211
24330
24419
24818
24962
25089
25149
25190
25375
25530
25577
25714
25833
25872
26024
26167
26230
26329
26469
26540
26575
26658
26705
26770
27081
27206
27289
27432
27503
27544
27645
27646
27647
27648
27724
27963
28118
28222
28287
28472
28598
28702
28762
28815
28895
29092
29200
29277
29300
29431
29520
29555
29590
29649
29780
29930
30055
30114
30155
30253
30348
30515
30694
30742
30831
30885
31016
31172
31333
31551
33927
