# keyframe format v1
fps 0
0
174
335
382
531
666
749
850
939
1002
1094
1152
1284
1315
1346
1377
1398
1432
1456
1476
1883
1886
1946
2042
2113
2179
2233
2350
2370
2426
2482
2538
2604
2634
2638
2650
2656
2793
2816
2836
2852
3002
3058
3133
3155
3309
3356
3515
3596
3718
3901
3983
4036
4083
4256
4348
4434
4475
4526
4583
4676
4730
4789
4830
4925
5006
5059
5118
5201
5224
5241
5294
5455
5502
5663
5764
6166
6208
6255
6297
6308
6527
6695
6800
6919
6960
6989
7115
7162
7192
7263
7361
7382
7419
7494
7541
7582
7638
7874
7963
8049
8181
8342
8522
8611
8716
8763
8835
8906
9031
9093
9230
9539
9785
9935
10082
10158
10449
10508
10627
10733
10868
11062
11176
11241
11354
11449
11640
11924
11998
12028
12064
12303
12458
12613
12660
12707
12859
12963
13010
13096
13289
13409
13498
13606
13657
13777
13819
13897
14058
14274
14328
14478
14600
14743
14850
14910
14987
15073
15103
15155
15199
15238
15273
15308
15580
15610
15633
15812
15853
15967
16032
16092
16149
16196
16507
16603
16719
16903
17116
17200
17416
17608
17793
17870
18013
18186
18222
18405
18537
18615
18752
18953
19075
19107
19235
19271
19420
19527
19566
19955
19991
20224
20308
20428
20696
20758
20838
20957
21019
21023
21046
21111
21254
21319
21468
21681
21876
21933
21974
22123
22224
22283
22390
22573
22644
22820
22861
23027
23126
23307
23487
23696
23869
24064
24208
24398
24548
24659
25008
25128
25209
25319
25570
25798
25890
26138
26240
26344
26415
26643
26709
26790
26877
26895
26942
26965
27078
27186
27293
27328
27363
27569
27697
27750
27797
27887
27983
28174
28257
28364
28513
28571
28679
28741
28803
28961
29134
29169
29234
29317
29478
29600
29647
29731
29866
29905
30150
30216
30426
30587
30694
30792
30911
31132
31246
31314
31430
31511
31586
31637
31769
31905
32010
32178
32280
32429
32521
32585
32602
32603
32604
32645
33184
33319
33497
33600
33927
